1:
digmin: -6
digmax: 6
{ -1 0 1 0 -1 0 3 0 -1 0 1 0 -1 }

2:
digmin: -11
digmax: 11
{ -1 0 2 0 -2 0 3 0 -2 0 -1 0 -1 0 -2 0 3 0 -2 0 2 0 -1 }

3:
digmin: -16
digmax: 16
{ -1 0 3 0 -4 0 5 0 -4 0 -1 0 4 0 -6 0 12 0 -6 0 4 0 -1 0 -4 0 5 0 -4 0 3 0 -1 }

4:
digmin: -21
digmax: 21
{ -1 0 4 0 -7 0 9 0 -8 0 -1 0 12 0 -20 0 26 0 -21 0 3 0 3 0 -21 0 26 0 -20 0 12 0 -1 0 -8 0 9 0 -7 0 4 0 -1 }

5:
digmin: -26
digmax: 26
{ -1 0 5 0 -11 0 16 0 -16 0 2 0 24 0 -48 0 63 0 -53 0 13 0 33 0 -68 0 98 0 -68 0 33 0 13 0 -53 0 63 0 -48 0 24 0 2 0 -16 0 16 0 -11 0 5 0 -1 }

6:
digmin: -31
digmax: 31
{ -1 0 6 0 -16 0 27 0 -31 0 12 0 38 0 -99 0 143 0 -134 0 44 0 91 0 -215 0 279 0 -235 0 75 0 75 0 -235 0 279 0 -215 0 91 0 44 0 -134 0 143 0 -99 0 38 0 12 0 -31 0 27 0 -16 0 6 0 -1 }

7:
digmin: -36
digmax: 36
{ -1 0 7 0 -22 0 43 0 -57 0 36 0 48 0 -180 0 300 0 -320 0 152 0 184 0 -548 0 772 0 -688 0 269 0 312 0 -795 0 1040 0 -795 0 312 0 269 0 -688 0 772 0 -548 0 184 0 152 0 -320 0 300 0 -180 0 48 0 36 0 -57 0 43 0 -22 0 7 0 -1 }

8:
digmin: -41
digmax: 41
{ -1 0 8 0 -29 0 65 0 -99 0 85 0 41 0 -293 0 580 0 -713 0 460 0 260 0 -1212 0 1940 0 -1932 0 924 0 770 0 -2437 0 3283 0 -2807 0 1043 0 1043 0 -2807 0 3283 0 -2437 0 770 0 924 0 -1932 0 1940 0 -1212 0 260 0 460 0 -713 0 580 0 -293 0 41 0 85 0 -99 0 65 0 -29 0 8 0 -1 }

9:
digmin: -46
digmax: 46
{ -1 0 9 0 -37 0 94 0 -163 0 175 0 -7 0 -428 0 1037 0 -1477 0 1217 0 134 0 -2345 0 4445 0 -5045 0 3056 0 1318 0 -6358 0 9598 0 -8931 0 4026 0 3234 0 -9534 0 12222 0 -9534 0 3234 0 4026 0 -8931 0 9598 0 -6358 0 1318 0 3056 0 -5045 0 4445 0 -2345 0 134 0 1217 0 -1477 0 1037 0 -428 0 -7 0 175 0 -163 0 94 0 -37 0 9 0 -1 }

10:
digmin: -51
digmax: 51
{ -1 0 10 0 -46 0 131 0 -256 0 328 0 -136 0 -552 0 1722 0 -2852 0 2876 0 -662 0 -3944 0 9304 0 -12184 0 9184 0 741 0 -14466 0 25446 0 -26631 0 14688 0 6863 0 -28761 0 40236 0 -34776 0 13482 0 13482 0 -34776 0 40236 0 -28761 0 6863 0 14688 0 -26631 0 25446 0 -14466 0 741 0 9184 0 -12184 0 9304 0 -3944 0 -662 0 2876 0 -2852 0 1722 0 -552 0 -136 0 328 0 -256 0 131 0 -46 0 10 0 -1 }

11:
digmin: -56
digmax: 56
{ -1 0 11 0 -56 0 177 0 -386 0 573 0 -408 0 -593 0 2661 0 -5158 0 6192 0 -3122 0 -5556 0 17822 0 -27216 0 24906 0 -5161 0 -28455 0 61400 0 -73445 0 49762 0 7383 0 -75528 0 121102 0 -116273 0 56169 0 35736 0 -117114 0 150180 0 -117114 0 35736 0 56169 0 -116273 0 121102 0 -75528 0 7383 0 49762 0 -73445 0 61400 0 -28455 0 -5161 0 24906 0 -27216 0 17822 0 -5556 0 -3122 0 6192 0 -5158 0 2661 0 -593 0 -408 0 573 0 -386 0 177 0 -56 0 11 0 -1 }

12:
digmin: -61
digmax: 61
{ -1 0 12 0 -67 0 233 0 -562 0 947 0 -914 0 -418 0 3817 0 -8778 0 12331 0 -9129 0 -5688 0 31197 0 -56388 0 61436 0 -27633 0 -46672 0 134893 0 -186967 0 153274 0 -19085 0 -172766 0 331474 0 -360591 0 214785 0 62392 0 -349624 0 504471 0 -439989 0 172986 0 172986 0 -439989 0 504471 0 -349624 0 62392 0 214785 0 -360591 0 331474 0 -172766 0 -19085 0 153274 0 -186967 0 134893 0 -46672 0 -27633 0 61436 0 -56388 0 31197 0 -5688 0 -9129 0 12331 0 -8778 0 3817 0 -418 0 -914 0 947 0 -562 0 233 0 -67 0 12 0 -1 }

13:

