0

1

0

0
0
54
0
-1 50 3 3 2 1 1 1 0
-1 0 3 0 2 2 1 2 0
-1 1 3 1 2 5 1 6 0
 1 4 3 4 2 0 1 53 0
 1 5 3 5 2 3 1 3 0
 1 9 3 2 2 4 1 4 0
-1 2 3 9 2 7 1 7 0
-1 6 3 6 2 8 1 8 0
-1 7 3 7 2 11 1 12 0
 1 10 3 10 2 6 1 5 0
 1 11 3 11 2 9 1 9 0
 1 15 3 8 2 10 1 10 0
-1 8 3 15 2 13 1 13 0
-1 12 3 12 2 14 1 14 0
-1 13 3 13 2 17 1 18 0
 1 16 3 16 2 12 1 11 0
 1 17 3 17 2 15 1 15 0
 1 21 3 14 2 16 1 16 0
-1 14 3 21 2 19 1 19 0
-1 18 3 18 2 20 1 20 0
-1 19 3 19 2 23 1 24 0
 1 22 3 22 2 18 1 17 0
 1 23 3 23 2 21 1 21 0
 1 27 3 20 2 22 1 22 0
-1 20 3 27 2 25 1 25 0
-1 24 3 24 2 26 1 26 0
-1 25 3 25 2 29 1 30 0
 1 28 3 28 2 24 1 23 0
 1 29 3 29 2 27 1 27 0
 1 33 3 26 2 28 1 28 0
-1 26 3 33 2 31 1 31 0
-1 30 3 30 2 32 1 32 0
-1 31 3 31 2 35 1 36 0
 1 34 3 34 2 30 1 29 0
 1 35 3 35 2 33 1 33 0
 1 39 3 32 2 34 1 34 0
-1 32 3 39 2 37 1 37 0
-1 36 3 36 2 38 1 38 0
-1 37 3 37 2 41 1 42 0
 1 40 3 40 2 36 1 35 0
 1 41 3 41 2 39 1 39 0
 1 45 3 38 2 40 1 40 0
-1 38 3 45 2 43 1 43 0
-1 42 3 42 2 44 1 44 0
-1 43 3 43 2 47 1 48 0
 1 46 3 46 2 42 1 41 0
 1 47 3 47 2 45 1 45 0
 1 51 3 44 2 46 1 46 0
-1 44 3 51 2 49 1 49 0
-1 48 3 48 2 50 1 50 0
-1 49 3 49 2 53 1 0 0
 1 52 3 52 2 48 1 47 0
 1 53 3 53 2 51 1 51 0
 1 3 3 50 2 52 1 52 0

END
